100
10703
11638
5940
300
5359
5811
7017
3559
7342
4667
7878
9206
368
7862
7087
9537
1357
2402
8603
1139
1365
10599
1181
7403
2192
741
10698
11181
9605
11475
8338
1434
2433
4844
11462
8689
4522
5161
5440
10043
4602
5217
5984
554
6165
8726
4229
9835
3661
6792
4430
7146
7349
8463
10808
3877
3896
11220
3583
9138
7949
7035
4029
2164
676
11753
11948
5038
1308
11694
4237
2150
10840
4573
7468
6748
11375
3037
4129
1512
4793
3742
7415
6810
9012
11229
9137
7994
4650
5912
6155
4272
10872
2193
8077
10984
3769
4453
1979
6745
